function [output_train]=eur_all(x)
x_train=[45	1000
45	1200
45	1400
45	1600
45	1800
45	2000
45	2200
45	2400
45	2600
45	2800
45	3000
45	3200
45	3400
45	3600
45	3800
45	4000
45	4200
45	4400
45	4600
45	4800
45	5000
45	5200
45	5400
45	5600
45	5800
45	6000
45	6200
45	6400
45	6600
45	6800
45	7000
45	7200
45	7400
45	7600
45	7800
45	8000
45	8200
45	8400
45	8600
45	8800
45	9000
45	9200
45	9400
45	9600
45	9800
45	10000
50	1000
50	1200
50	1400
50	1600
50	1800
50	2000
50	2200
50	2400
50	2600
50	2800
50	3000
50	3200
50	3400
50	3600
50	3800
50	4000
50	4200
50	4400
50	4600
50	4800
50	5000
50	5200
50	5400
50	5600
50	5800
50	6000
50	6200
50	6400
50	6600
50	6800
50	7000
50	7200
50	7400
50	7600
50	7800
50	8000
50	8200
50	8400
50	8600
50	8800
50	9000
50	9200
50	9400
50	9600
50	9800
50	10000
60	500
60	800
60	1000
60	1200
60	1400
60	1600
60	1800
60	2000
60	2200
60	2400
60	2600
60	2800
60	3000
60	3200
60	3400
60	3600
60	3800
60	4000
60	4200
60	4400
60	4600
60	4800
60	5000
60	5200
60	5400
60	5600
60	5800
60	6000
60	6200
60	6400
60	6600
60	6800
60	7000
60	7200
60	7400
60	7600
60	7800
60	8000
60	8200
60	8400
60	8600
60	8800
60	9000
60	9200
60	9400
60	9600
60	9800
60	10000
75	200
75	300
75	300
75	400
75	400
75	500
75	500
75	600
75	600
75	700
75	700
75	800
75	800
75	900
75	900
75	1000
75	1200
75	1400
75	1600
75	1800
75	2000
75	2200
75	2400
75	2600
75	2800
75	3000
75	3200
75	3400
75	3600
75	3800
75	4000
75	4200
75	4400
75	4600
75	4800
75	5000
75	5200
75	5400
75	5600
75	5800
75	6000
75	6200
75	6400
75	6600
75	6800
75	7000
75	7200
75	7400
75	7600
75	7800
75	8000
75	8200
75	8400
75	8600
75	8800
75	9000
75	9200
75	9400
75	9600
75	9800
75	10000
90	200
90	200
90	300
90	300
90	400
90	400
90	500
90	600
90	600
90	700
90	700
90	800
90	800
90	900
90	900
90	1000
90	1200
90	1400
90	1600
90	1800
90	2000
90	2200
90	2400
90	2600
90	2800
90	3000
90	3200
90	3400
90	3600
90	3800
90	4000
90	4200
90	4400
90	4600
90	4800
90	5000
90	5200
90	5400
90	5600
90	5800
90	6000
90	6200
90	6400
90	6600
90	6800
90	7000
90	7200
90	7400
90	7600
90	7800
90	8000
90	8200
90	8400
90	8600
90	8800
90	9000
90	9200
90	9400
90	9600
90	9800
90	10000
100	200
100	300
100	400
100	500
100	600
100	700
100	800
100	900
100	1000
100	1200
100	1400
100	1600
100	1800
100	2000
100	2200
100	2400
100	2600
100	2800
100	3000
100	3200
100	3400
100	3600
100	3800
100	4000
100	4200
100	4400
100	4600
100	4800
100	5000
100	5200
100	5400
100	5600
100	5800
100	6000
100	6200
100	6400
100	6600
100	6800
100	7000
100	7200
100	7400
100	7600
100	7800
100	8000
100	8200
100	8400
100	8600
100	8800
100	9000
100	9200
100	9400
100	9600
100	9800
100	10000
105	200
105	300
105	400
105	500
105	600
105	700
105	800
105	900
105	1000
105	1200
105	1400
105	1600
105	1800
105	2000
105	2200
105	2400
105	2600
105	2800
105	3000
105	3200
105	3400
105	3600
105	3800
105	4000
105	4200
105	4400
105	4600
105	4800
105	5000
105	5200
105	5400
105	5600
105	5800
105	6000
105	6200
105	6400
105	6600
105	6800
105	7000
105	7200
105	7400
105	7600
105	7800
105	8000
105	8200
105	8400
105	8600
105	8800
105	9000
105	9200
105	9400
105	9600
105	9800
105	10000
120	200
120	300
120	400
120	500
120	600
120	700
120	800
120	900
120	1000
120	1200
120	1400
120	1600
120	1800
120	2000
120	2200
120	2400
120	2600
120	2800
120	3000
120	3200
120	3400
120	3600
120	3800
120	4000
120	4200
120	4400
120	4600
120	4800
120	5000
120	5200
120	5400
120	5600
120	5800
120	6000
120	6200
120	6400
120	6600
120	6800
120	7000
120	7200
120	7400
120	7600
120	7800
120	8000
120	8200
120	8400
120	8600
120	8800
120	9000
120	9200
120	9400
120	9600
120	9800
120	10000
135	200
135	300
135	400
135	500
135	600
135	700
135	800
135	900
135	1000
135	1200
135	1400
135	1600
135	1800
135	2000
135	2200
135	2400
135	2600
135	2800
135	3000
135	3200
135	3400
135	3600
135	3800
135	4000
135	4200
135	4400
135	4600
135	4800
135	5000
135	5200
135	5400
135	5600
135	5800
135	6000
135	6200
135	6400
135	6600
135	6800
135	7000
135	7200
135	7400
135	7600
135	7800
135	8000
135	8200
135	8400
135	8600
135	8800
135	9000
135	9200
135	9400
135	9600
135	9800
135	10000
150	200
150	300
150	400
150	500
150	600
150	700
150	800
150	900
150	1000
150	1200
150	1400
150	1600
150	1800
150	2000
150	2200
150	2400
150	2600
150	2800
150	3000
150	3200
150	3400
150	3600
150	3800
150	4000
150	4200
150	4400
150	4600
150	4800
150	5000
150	5200
150	5400
150	5600
150	5800
150	6000
150	6200
150	6400
150	6600
150	6800
150	7000
150	7200
150	7400
150	7600
150	7800
150	8000
150	8200
150	8400
150	8600
150	8800
150	9000
150	9200
150	9400
150	9600
150	9800
150	10000
165	200
165	300
165	400
165	500
165	600
165	700
165	800
165	900
165	1000
165	1200
165	1400
165	1600
165	1800
165	2000
165	2200
165	2400
165	2600
165	2800
165	3000
165	3200
165	3400
165	3600
165	3800
165	4000
165	4200
165	4400
165	4600
165	4800
165	5000
165	5200
165	5400
165	5600
165	5800
165	6000
165	6200
165	6400
165	6600
165	6800
165	7000
165	7200
165	7400
165	7600
165	7800
165	8000
165	8200
165	8400
165	8600
165	8800
165	9000
165	9200
165	9400
165	9600
165	9800
165	10000
180	200
180	300
180	400
180	500
180	600
180	700
180	800
180	900
180	1000
180	1200
180	1400
180	1600
180	1800
180	2000
180	2200
180	2400
180	2600
180	2800
180	3000
180	3200
180	3400
180	3600
180	3800
180	4000
180	4200
180	4400
180	4600
180	4800
180	5000
180	5200
180	5400
180	5600
180	5800
180	6000
180	6200
180	6400
180	6600
180	6800
180	7000
180	7200
180	7400
180	7600
180	7800
180	8000
180	8200
180	8400
180	8600
180	8800
180	9000
180	9200
180	9400
180	9600
180	9800
180	10000
195	200
195	300
195	400
195	500
195	600
195	700
195	800
195	900
195	1000
195	1200
195	1400
195	1600
195	1800
195	2000
195	2200
195	2400
195	2600
195	2800
195	3000
195	3200
195	3400
195	3600
195	3800
195	4000
195	4200
195	4400
195	4600
195	4800
195	5000
195	5200
195	5400
195	5600
195	5800
195	6000
195	6200
195	6400
195	6600
195	6800
195	7000
195	7200
195	7400
195	7600
195	7800
195	8000
195	8200
195	8400
195	8600
195	8800
195	9000
195	9200
195	9400
195	9600
195	9800
195	10000
200	200
200	300
200	400
200	500
200	600
200	700
200	800
200	900
200	1000
200	1200
200	1400
200	1600
200	1800
200	2000
200	2200
200	2400
200	2600
200	2800
200	3000
200	3200
200	3400
200	3600
200	3800
200	4000
200	4200
200	4400
200	4600
200	4800
200	5000
200	5200
200	5400
200	5600
200	5800
200	6000
200	6200
200	6400
200	6600
200	6800
200	7000
200	7200
200	7400
200	7600
200	7800
200	8000
200	8200
200	8400
200	8600
200	8800
200	9000
200	9200
200	9400
200	9600
200	9800
200	10000
210	200
210	300
210	400
210	500
210	600
210	700
210	800
210	900
210	1000
210	1200
210	1400
210	1600
210	1800
210	2000
210	2200
210	2400
210	2600
210	2800
210	3000
210	3200
210	3400
210	3600
210	3800
210	4000
210	4200
210	4400
210	4600
210	4800
210	5000
210	5200
210	5400
210	5600
210	5800
210	6000
210	6200
210	6400
210	6600
210	6800
210	7000
210	7200
210	7400
210	7600
210	7800
210	8000
210	8200
210	8400
210	8600
210	8800
210	9000
210	9200
210	9400
210	9600
210	9800
210	10000
225	200
225	300
225	400
225	500
225	600
225	700
225	800
225	900
225	1000
225	1200
225	1400
225	1600
225	1800
225	2000
225	2200
225	2400
225	2600
225	2800
225	3000
225	3200
225	3400
225	3600
225	3800
225	4000
225	4200
225	4400
225	4600
225	4800
225	5000
225	5200
